-1
-1
-1
-1
-1
-1
-1
-1
-1
-1
-1
-1
10001
10000000000000000000000000000000000000000000000000000000000000000000000000000000000000000000000000001
3015900162136483248189493661925295787986291697907661769082200160228093485429337486750300119497094355991639606132192832052362952418645607022521686846069378136576324464416010377911920580897302730523418445819810165597491027603569186634074234774
869476168055235346626181130100174597668379363356758260545332374688260985617708321112544249559835519978393327634336985425079587901310259545800799274691098468449769211323630882449211809215488878640154272019279258532804334958817140051946172099444116530579542786988750621956536130034188996000269187229762395368387541897453357953224670020629626541092612403851463942284218932275746188641578736635157816752936563933137489033240402507700283750973679368065878935110188489215752755351220809833789255778096154031033542203752843554803522816990038145801021095732062730101434505089845092575295943466235037062404953084787544039255297559118803712690394580096
508268216651029341022619649581997629944762167714169728618113307963369177334496124574614900071740313945211596488436623213674161798222556380707214399933665147733288857594359077118784844550246954661465252590610718480550820969220389418489213451634555892487333809424866890244640872083178922137467245561590159049280211123252646686
880215445709260
84151765807157359094961327879221832327156615064638636435707058085963003312936521258514926665748069193348519607503335329080138167243328071900863279943514529034008691345514070547343868151760559584405603434450158
8859277942205933744590096047262311574706522810900431088851923941862501028006239905781983925736569923852390580749705686968643816763079957699410417158526966586686111571341440990202417359659353042914909401340187607361050315767211208527084866969017114079264618325988355484727136981318556890304826751865436879506225455996623363661221397012677512270572605409952305571780466935098006503024263911996387877908148989581792738604035163676208095811320153714830226265376843307248289123230737261741950200348032723090189453042171030089508151520461788706483550357274806407560000363379
707666319044076359976747548349512783932316478055265056208735729612388539
56481329766878247911267042731519639435027545219790098162941563593783817256241337849590815552955921810169251669460595275289400503007917871893623752938040481657156612980448731881378590565763011805745950363584762251627279827248619496818432913768345204607825763702576936179679191928772489704508
76535077985834338674369722969088243011
715960677882120718579867995661616890912135456851064235847006472118267828605695120846712241493230350781512924325945424917029054082368270751225083767611133889894413604726640638551223292342081647171503238066062722890695210641790522152172872667251536177258144505932292060878249620726388666276406996425572569140100986766797588197410225788841847220474964440158458623128686909686514296297706552685980146741300774472797374067462808780
12843670643119545509172813546352756419218495243744993205701931922223147635039714023085518230910616123560462708081359417385389982271789787966616436392480680469793409805168050217931199275370659395048383810381613064856349233398534515232055307733459893381187840454306229685773582464820990844731205257323399218884290082693294004088376745422040836354260164999204612014850061901239931329855095350361009729869911536612009785100993042950594335269396034680991343557681039877429123102495097784716949929358657447212777929670311233262811028745165323705188450653511637410466315249037297237242511532400042171227010342711033609719830330006579364509722671878049406763689023720609400743582467085623212640698352669129326311512886553537368178392844642275678249618001585846632769578287262500003134352425204622230101007196413446613180915647232292933545900014666330687589
945161426263872974791940479272086332377811808978883581476757924551176590630171916352936573826584239771092261567272806593887727191466877015240328971477233684666142203112581755250663440669836285532844966767916308229153740857832485156261902318139889802375352633200698069055675147740224159647341617132766082410716261788733128851627896993687137523903749999463178689498269574176772629189776381391813584929134744845278501005966896704431973629288027352059868380137743923367105095835584031827482802461106198833513627953409319526304367244792538952940319719673186067404923456344894326447917875742760043728422557275528975809743650091476648646307550337867888630574191107604603746183150129703686417923394194569506540451918251741741476690245038964741638929234546800236979038506716140114374920897012584911765078511582142540192606471063495004847295874769943324062743261919733555227864885061038289246119089107609740916802833
944698827349334634234106873222285928550153710844764704263
9183713338645882191918138140453586567734999490048611699950678012139989031652995927314867114284271322983380658439057529045393912968786659282918283165236468283938332844484364959825285091565227207428674209493416022023573517375438588937121975227803676432893122088497599661619426571453640709027078586499183106315533758099605117421206632111710946426708152785242416674443368649564857902468409346038702450995478562032158789945469588034098364627649824429201779632251618118785517306674422903573910978195699774538597340877659821783944996945299696095413523384145812885416638485273336901415356643730
707925076
2116806286732065411624640278057048783296956370482760212646593404468056349237520955280551664455030015791965492347659266665937518774710279314143021049243932948210919169355121225365017263002731617352530570052786881061427664093571982051654244151764916854
39165198174639438185861228948568993
74284108099090340932218619828500492174862610780494143616925297022975623566021366777785307037613032817767402915617085141521541323223466584963686359796596829230603587444093721591630240174169300432023168103715546805308086332155144229234663551473782746965770473530028048
3426820634569942143134760997741884570123576105930516679795175818392229717524917333491402567605339053810743678444168513645271625525722982878116320934876140185074284016429177777501343337206268356045928365412462073013781578427260112303899888598294757217626703608660729662021669723084258245154562882596858347118090438660805314273827742727625290783570024482448595909891148189875107123507291060490758275434941430476068188646984644445032633831180917959831342880734600957787
131198441255649688896011555182069885760875048802935616442810120569095856675448658511413550111320214274860017355533641977308583046381001963448249688898095997729292171601958237013686154497
25673274490495481953440521137752651246428938681735865849919814861222885650990415134543308257316724886262616717389210441455673177464875937662796236846222219599045731517700481989606
77836877335995267809322362841021106822881749390755788317826644042829855213894673307761902440524038950013798668057297085262656001477190384934590371256651562009075575195083326098919878661777752906885781625832055170631037043974937192489235254891437567809863575030438679987740377782464522213687132761280306591926525
34176005103730726130821128157654979429993482774054591933116266058894293931598513539446080155866477066871959580584121054538894285537736761737946519218117899329926116368383079288792188864699436491130184271729676313888212042978796200488876075609841094231301513706646998571291610323750138791086268036558170659272163171104469835337481604155917239311514272262007200706629210981560666572355961609060137776847397455268726672402053229147991672841072288161404573957568281186743795910918121209754624184891979018880718140446679811650817996234756138527275262550874957534959128566615144342
980392843006939542393100870817822100483079265985152071072512227359691694409768200608235840340347242199855118281353565847287828357026073382443054130570716341787835747875603066277550299091622789315593222638812519893401489413618803612028711753702124821700640611779024572702002217212772979017221155
252430784278877493264052917744386777491744281672652121151285294313850917462998270037820685582151047437764390440914559404992230546180925905980862614282928399508244999231950133410708177945048058535029756223240529731135101255831950047190681904750994102119127910559252482517602353457228094264640504482070676560889383298027731708968115472945713436645
13766162430671717760617034393495675581676935335240985043985097116165689221941545838166518359760887807723497755935505896275581461166075765259162403303032621356183070259131901248909915995688627160114694211144190971379320738640685373193
2865020598927290526642814853511154243374135724568149989741113148358384859549295170395380720168702368068543288071533494818558614913736732368826957311359157445058650855049788164345128625699761798373890424205601761519212325642715020816372496609997768906397496002694916797163858629714173957726006865549754597670672568651954881473830726551142100
97259998995317913853148570410774764243024353338803379345716786726719495644673181597763511924653026409857379334804851922636014621518192665258
29787718479255590830563756530982468480252667598822755539081082985532505630515434470897931085688475621265586898128609004794207923717177643296866425108361981187346180051767096962147423227719277638795509707841607463816234566418901652831327495930299775063852635260199799043056108325780968090645375693631808521721754721535643674163899556453232751553340016868728776637208411728801386835668110153308600458568586764441222741815732035991245853402130239305034474343477199934338867823450128345100014100839528052289556327127150743730410349637019869723723792368675799022563125724323787135047444294314791495878730978044592708431045266500487897674857949874765094142203731648766815234096626468001670095522479576988051554268869264319066121608150304387459450233254200539505109327949424144931413809475959919666601210936075537848955820555190882123109025110054078692793277200797660909787279
4561744073255092636010347688116579194061341104152759687358258306668832952875142747291183725823898780119715335489102377907
4452095729648352236111830611154840780167176281356372752012750494056612216874326559440485471792946361805223177240288824282980426305802528927890332016818125890076734255929051884284195322897306286702407108930658469890900069199631926780686798792178727552333117114115623422800254988600838807417398266214474422412340512860902997340361840
60632439054121898016497784941639237777107337725031988316282608040153829319001392633980366274926443355
5912611777889888702894680571475104720617497995225932898551018626876288347401752360658408754545535700238912780813427312795986186158197275716143994061814092463788316364982530950214401824651900743596370831972401802490184974
7251697707011542999687385252323647009453558510999090218346672152228284978408637551147082731719629964823356671294933830349911809922610630637807652251195706025484873624945535640
15431068556096875413959577892894011588202564098824648648118948872619628435600053873081493855575779106154615348209433718095718854410352506788959024871209973813395142828670137769009319964905659098888030926
97432395352289824923916241044642786912773191340568938809847488404031486159815228401134372676369950873867810
87415041216135132033258497456624659588749085217480546651174346351247198431154587257867167035040339590809859749864069965774856761668520097907711074565679498017691085723706383003199385684688972233899653731883095561926467480775492194839580860431664409834174460323592503119108334756912529401132026393751699690232753612883813801403308448087749524598314965533937909596317584151521962153811362610342997296797969
990100127755044517724921236518528406698568143215309015892876150616033854318326944705862931303317150171442079278952088224968058865548581439577755839102362420745220722439764024832968421800695145581683419003492025940189605018806109210517791925230909901308900476123043262996392606664245488784554254297313195654864606900136257979319053806821634667153538170833954931098179432147005761624248008987630311961120644779152203175133051333296530262654783298262660627681768884274956425362735714425998850289055536822779936027888217629098075697653574476292402148237072528642089549749643161378234357929567574897485548280333549728559571902708517048300920187680325378708176493373532690362277006871062921
599366782606345815841734670708151536855723878294900564335340217938931811169781816553052012736959989175268310997798775186361472127302563990746169137152502086035541438340905409816581950620054293170454533151217028404666730477610384229970777132719401553839789422063563673833165030651347077723017964850549235730155211204301903098100186327854888378321924602695956120939
95963590414843683563440293897855050850949713426003806031428610432459489289147401219190310596121638037711051225279020611288776963234326283611583707344208708486948091646901374019926945411284224344
1254109992799375235986763300103638186918163091559215122088980802610448980591528338962307509617966678283073867634245568400074478691550752459228144008826122550284561319603538718813474495724219670004
30249818474012673083755058638583276907887280490698812752392718063673479694586290743354316289764327060465687200050217282161535861374527821520766221153224173517410310784793314991219315281525969796195665405769736389866452127020375643004587498543158434853600043425943478147267366129886501772718340845429407
807553222730176753341122590366608815138275079773587969684363990446247134274289188944673282940563169817386437448789140642958835736561804293169338222051809597863353714016593081328968614653
2524532244455880290110735712875771267993501132973941856269747810608081616051479052966715583695204091743019774931888528860720695233798060335583559972416371186116506718679141442438599804894838552395918239114535467458623323523977374023342783486353617542119053423300991140159411865213164306217664012156920679674384163820701192048045266737917126386456506181371052517141030048501163038550453726105686925687842920076404555090054273374973264939258349760060837130229909715621804179418144404680245865
4480280050786476898859365897231871353946035839171967567393755190325698912337083796070579462077235300791948824393948338023601599537860062618879712191999568082442832539920612729114308448766900837118346272381196051526501960025822550728813902831157275981858876860183535862989231131263468305585946403919543169956614067434057725645415185844531363378507629934427231901713016847606524690131885863513762402323358446775650288063004609321534254841429836529459592844276199770537371064801259
724116707747739677855040253577796695888507341530977096568961837323867589383642557116021298912277824445962716794363191383191275295355311137626083604996334114819126259288786752016785981267882709788421696933899805948126682234058571435842070003876418973374784950142131136290541638649572047449887844478
377153356270747935476436974953368114363348199120654273272323940977002859820090088218189271869617582898737609839224819135754686332110686382785
45658954213375772205110718099773571385613203546767807034945949826584213841356358634880225105280754923624282434470442774843303117630838155297185956883227338694314669225693752985265789546717372686397672414308627486430306884521754277922363049898040278675406336317175323263534529435280287663512609794993377739041827555
95567270512835356014841342590361454829348608882692820769361262878083046390646617639622648145828988593523080614681977557841041107529540913241519738378082535354290340150352204056880
791503258339572329185630949889993650955297564747560271260378712454555238753449037464239464966224225478415192509559388628235212756538688453742110888349276180224647933003808502229378139958896638
232211817525833560005493129062510615083063236562353231580073498410568570300781563966019589712980445549759829632894164147043
65312183
1021534948951158204130850536004466788892709187568452178594678378273991751235797207479103041611245503826866883354855572926767345568216652918870098476605000267276641868617579591126055945288450983933425608822475290164399947649494719155301050459867452435045536153043573765290201000593177826499039149383285361600133199454270515962472922596905755760926870692520947995597120042762719185046754995419380102959316930822682749126213479392356858210587960912446617731110249417535555013403871229481686407149545930174833099317422228611642037738447614374302612959614714752930945512748067894994018940978201540431540365458374476936022355747823564123797186946009847819390956476447246830036961302323140208222146432087871827941107345884256575478755692412012511981154799
44727653784414875572839579911927117461318139960493789282029214032345729936994240442533089541585475028134479
954815888476299171367404202805739838108851477889819614269419199525091121202572504328514415678300660353795704797274773517285606420534778398031582041664063220911061814370894261137597634389860378293307949599522442418940636939479521736256714080870106911200189677431495483579615483828452474927534501800825639707700371835697819582234356101047290146342152246068057222757539365634510917708073075385481892397642887054143998011634761284259492829446067935444279927933812560690124368414463067052373352725422555446607121869477813547322749035129710877385159054549627688576703784011557950196803009796764498256508577935927849407167565451
847542213371502701058272788990209762379371992476866094099212247802980137765700880669948755405602318920616723465391077170492974331470938353763896798793419286343753097147438974166031093270834857713510281393441489185947304346728305098674219299207029251228101373769070651755730414277519084764467513008062316968180537222643091698477330529905726925353949519817746229456530996644813242276
8571413415522683903618535666498776341010203509487628004388607154439562454616750891341557442868
307212232643079178675446971751895201049857131314978020116385719132361087305887
604716484912708116421198126669952398113475165215598215569619947361433519072186164089704339784340711059335987249991614463364068442837661439293288675112604817197806273267684798593908088342071877486598482139703051568193204511716197548130628644
406206311149488825568371595567753187234680211644627698226397589879821684292018604440842187052238492728716549231689945085454370014247066328313003920718629940882652002413151711710514835489284440412401184354729097769333155115019808643663432403790051029358640102485531236868898595160939452994561539914517873448402832216229863251758190206966624446737352101242908333474415995698087229232793340396894517765585700538471349090484594002099039658208209979705466115473991942727104739326672563820309786724347030274927779869249024838380909335543265107940634328720940088184733759671936371147632210526212553744946052621429546893896895095252971525557489867982838219045058249657324943580554339845522741218177113028436418536924919528235373375
9423264229492822654459803822717907797110240824054045946359046021960478217408069214714101101773475605087726716830240029145325051182734635117506007525007435889740250683914453254281722359599230401815383585761038274112431263426981701045338026546572512221400249833783778090522865556242541167217614760054642605235413655480323973808081020252720313857799733406584914486344550580019589907208305860286839147383068254459337697056976669069445402469169917903712834106
980298896257247228465739078190970679082908642505872755510496009731996863032697883947440488297119750327249981946982522576962488511533560258966099854056463455920917051208625970242593400721623843541346019058205117416479991939125657444102891568280833887300514860436320044573566000102906275644115705257018300700
65024479638068945849977705246442544373639800991845329942111183059457600140064136141842864601143867396727544979305715761920152918483245304763674182742922797669150989333419330586874157582060462950657920770201526288748309086171239405467478896019563463972504016861584140642659808407159630383437903776021811628154245335766988988194728497988670225992024824517479164806038678104939027981794743352100742901305529318757381658873121298108875183992110821103016473486957717024084475968787063396789805959910260467387980607931719877134484907615218533783086533924725858996655799948999590868001309117558443726580340117310907267867674716285175985546638963954232791794418571870895670407504942262325518414891791682768715637123
281922809704415608858800164855441839287563470634616394755076017771390115725668224931598650869204987379194135787682376821645373690439251323532022999805335007253522880127294781068328885175961215668618389807308224279447598719036683810628696967274056095701130524106099230503802577791644962652128024566872091738459892732045324241765960713944698233673824439870111456570084186756285631180296702696881069227184262821065215608830954790922487557412489306949175978672775695878708102408613249680306772483377962555741
2443032448646706702212445979272964
4660121008078816401075173313123193756702634925886485690103514356898418498401376871990581647695148722215423187200874421006250404405789690205318205053229775107255672146073988876108391015049121983254272433940127462020821326579061011772191145310222117769960548181158382393506313981926624552370030123906211045122126900919028507552141887820880965104984752653050829013978707900704782578524685654939965117046977740422620540908742062520676453286494955557269172234948441622369942680932968870587804269350666001233015543194421595499425453073843609537
852189996065349509049554666829616546535662374492567371163585861618849267063077398540307489762495028004580668296754404308308897589890411599361918649745381571994842618040608002071322110669708557457499810167513839039826037963602197170214804504161367446051081299348917
54687195192998952928413026277009728719277735016091709266425771164669897007856194206150188666825003253484882477420619
50350043043296751267556432861516055967152130948158765011109362763924599955763894741553032521218786975595701111095204717087345106399865372744799760719047524715722319051188071266268790677643045588811627373739812916621821306017749150791835429738519943046787892290752102757905959145051218241880225827541089116806200466681956789527152899455129359295943682227893568298801792776759836342588179340059298717494499608219616145542810713763275722292680686024084593281408710998128353807399631522573400156883312860955302594407096036588608053357311887371538870735206775395
679748005522837143
958273735941480114232963458719092225231013620124385765941865514672922655010377497473774628322603273745540406333427420708987385534644536446271175936883962993348812606291017039887949967225104416891261117240580936484565147696499086621408624164344749435996342092107571460433814256430843802766936017056186273284313928336074830951726005245917279701523382593379874428923577728027640515177836685031833773865971475997051828458923743857709133898568486795526072897690584718756029569057442593609445304150903363108844811303077262575375188981035768065391975492443846484872641412489655897073139209842693982675613355773156231156988832876125617664308541227781049921682212777838143395951485610911853078903393818420764633114280416058453848971192907552265327015147734126124023506554435311944417986290926723197183833276752081081979411587140888945629520780413299689716535858548914056984496293948366094176090777177495773362710574
54865828306659950527626443413196148885480026357590988252540681183283122528699794883118023932477309409349814390736742249779065258147296910578761822764096337768948311935044353038655186164708268289338865987645419105581712226977987339514912857289839576675487486815027749169046983287954188447289063646282398163564
4644154723801932676807416313324846583732682840157122185500278465807875262763009163841210509723752656865640016217916517168802482122478261879562067064983244250372714506046233658108115958492330011974944575853316902783477
876874458707463488724067964412499455523211749564566861114390331573972097889297532877103815231020058556
23694031874783664918833796518950263850593403471066586509476784187955421371460229964651627602089059180763079887972489153274625666303212155750483060594961689613966601988469379677658514144513682716079296346595467684827784299567842893331729668
60462610328143252535894458474007953922293029330740568853821619752077179191485794576048993491410973967288788600862510229489280348097259942627327469603950446257205291534613536538720632932058747871857370800290527045311080319179011645793728934016443315672836012910063120736309777315626561573178095829377336571815061759470555566640491683644370
96962956656481034013471742938962936391368143927169680219654913954576498871889405406
5566558730023850214366111888603394014606327257871972844285732665162108046486428357737372379057899498921966226940737735187677878564731343058203245082791486423325007590702186734597025652899730739162338449211779538775692481650183880920778761866799653020904834612025065067984818318165826829739037375193244210093550131093641475714735286254843276085415410590653930011629854834001694963215916551492341020210035093257280422162890057940160786162263350965178517599588165209439082
5878879707685796494843386444486515544853971822811662271573794076007056546856770199268134099803767098760273702004474489052983204856836568422672010706079980181112634901600246942244998622976373594677254582585470951791746556460337065990174638023340003549871610476483893681575221341513010093965597509400915378631387647458650180472310306161314005725279330553838067949144583820689769435621598795739650425525250919389984284365275193398533675247473564650710874033499561
543448696508515632070219325004730267904270603494330273224718979167044302427404380660738598131614539606565355779741851068888489570630960745544050364198736443927340
26332142246795272711206025607886730043786322772454972671287784275043664465197489232854668795859242772786758745247593325111242076645801601336083807287936730562593753199606277253485152514680888056064318042615361474507094879158583436200568506212776605488698098801809251590767737697422883379513920151348855034845068098191198135356072395139742501653913170142111189344635994134112177009052660643412670246167659225671688442710537889001942099304962582013
372049762211628600869817438476436733029355464393580850992724250887058244228292610918058903186932582060995807222486488248681879894908042082152112087256122024300571995952299879639834006634667138546330018390966907335763030492662113467035716870285203196811546161414020918602034459436064216834216643394377842063077362501875574423508328465779643809970950087083427311194117386698920849479923715389093344859918370742096795108446511001037360833382516454481767972488257205973097329663008388733
4000381353972108331029388845998877850968879640221803281666871288599096717468386722357065608181404634845527484963193890389495221572941752882219471991246774073583968489429021443054810087312877411313733249582372604213684051826487347561099720328706945548
56303420136454939635556478187640999218815464258334270880025994493919098659906677160650693363264492280142307927550544492643204150406008440596018052265183429331257014382417257046658885950279252414971492881732262351128288814899055478453512392524747217987672548073655490712387064672078372490653954549980684512332469208014260148975870172800999872039392675574902837477300686609890041273737462212332650496724257804676851621152308711901083011870887090701883483527034539643125343449436302890721095128792876320711867599797857502093635542137155330090082247558773420483643091164459652265860341539362902401703589048694182747268076625390085119106653298051185508386272914284827219655762115643998652503993152805283931931611440774712340810372776517349194906927935190040684802501617208870842514190525505962053795342866336162539462364733096570381095146210873200880469984118648332351341864401891733075287814173743527
59631923008900086153667503272019774067354052665860864235712387819151351520564607290440021109239441450343722986567068116859933983973805350789973313292725549545161458918822708722153760688219905827240278486985146692672401731847303392491159845932869160072926176063567047209421992789901304515954349737787264938632791680958787508636459861111550769913868547611195379823165953418711841952664948948976468865088945822865338878778201604844988370835013916696792961892270148
116492848443910724235964582116147518617574697657393409170516405898604868461935872917968245095591390712598315335806986261437798984611934934904666663920369598753601263380647572191022474867627374879231983937924482776560480284525758425851343351006515764937838682931008023062577457123435916309239590887898354807777682314665445446193659515072657916499974391861448557244051904430492201694155957052343805788436489903742011893764873308946980762599581564550863502816263172451
996944517911066513390570456080518219715763901239892658453580408211966051479843034994262464488414904520769136031867748638868571708264095263153802370746625086132934442863875329743502611768965426611767046485280427687220499627377606954968031175970585641747288565522405871986589066167404188992
5376449056556138722734168258621386910947568150726320202643585070013415193730702553996848974273199151513886951465714074721474405489808014690034328755290536844087845631437191360028123368068759534783896178652398311943819301404289361457112342268194306935946840158531172822156727601736921046098539725366078848188755786384254372065637189478043105371358364082433495919573399225509601701218328121569364550200777058808043100
78524357244210571379917430488183
8907500598283276433986778791073718070709590944139366243937334437835850124953436802980296682202834586198426611924417228447903691822727550162004085780670591912485521683914986680304508110584212664288553528378969110276730904313922533632415559803493760259703423
46053968422038201098620070487173263086540299749831369999484725795183389615623085228365072869455884790941209307337390837636402856669467965374982805404258081680142045773413383819133630452534737490022868177999827383422732201034689358226133436048187190820068436399783430631539376239967561734948909173111532635696234806601414541257167601468574936209049718153580410660201871644786446750078739
640231109388135075592928756616287900183485116648720527714415339937342571495654971602764621316844892534394979866959706875558383841029049454814720816568190595964289160500513018622068397501587848782372790388181558321511086046253677512697371586606133405477975782583203262724710828359020361800631337223976826745957265886625081650306732025223251470796531488385432292228691084659863058508725693428675204
1543474456911558857858668131346949496974958629365631111056667408866252411420733014792810528463952198556274893838425264264247725948098233581071415156840520889861642473168490098746924927
67213605802308245988529233934124706694968090998567626040119832378539289719193269
7668709262795964343475520418109011484828123554508682025313902954815271860574474006486770097931544402602961886182709750311823070183491917129566246681376021008259815430858674686437445875900034364069844659437853897651971618559102204701903261941060269223899519024400288044578727765900392495237094419152304636029684789959172334494600523674315846119725245381152248897673228981311547405282696903978683244246655713392096841640927903637702429550964583475280
18475426616181187959976559323349136635809117718989582884771926455690075565816084367225390797043618268023158987378377992210437126503891920867005478327591410131352999094664397476627134313710926020190964401335807824281601407
14162696695032693057633866299389355550625433865516492673867701330894195736765162117572172752327612169264380028952096699568859467377875854164697651586798800425704800409941198892580004318588255203265886258201306509865490659443619584740110383524188639898028827647602495990892225298552222342527937769016299775947239293334227923869173965335152143837984526658423484095240835723571755795045075217475234614940790506564012631092229645306
92625198016423583594223992207846792481634051706195795375822524935853950214222519468803777015454968857335197635464163585736784159818420417595490819990605848693974672777505038779961892803427060141433751524516359324350206520
451057917522685005012895397249564980190608651752323000829823543215088520459885750739531101615534325327554293860623970077987865508202532437032182945049801783479796163034647574362713752943961738725766411783429840158412040952947222702763711157918753224937306604439079101064907016988832996976484855833774459431845112723971091702731885428044691290179333201547045067267563376421212525783879071044434470966447805419813613418778365396181054570841676288132402213856774491520284055218369743001321992995280694272679925283406103244619478301670046770656966068269750717101722590255374843739809514079504740
6121523687335989737951242819228449344286581665023933205854618759928403964353323917004215712709961795415965742438808683697459405256051338738750812323205813692043319868961801622267572500752470605906296431288256267603098592783979374156785385844398770358674553316791457671820816548713410159164635062103766945910505195330233556013010232842270377202151402552302700696120162491413163456931894865964710271732612966558450913245339277441526651647617716277305201510601119970132430123656754974081789216070406283006001414809566997955773120839222851004554645767158343153246221505186551734427120662930751835367519668766011613520746468730885729204123157749339830352865811781975
-1
1
-1
23
-1
3
-1
3
1
1
-1
-1
33359999999999999999
33359999999999999999
-1
-1
33359999999999999999
33359999999999999999
-1
33370000000000000001
-1
-1
33370000000000000001
-1
-1
100000000000000000001
