3104
532
1320
2607
1054
882
336
1791
1812
600
7048
2236
435
3275
4429
5352
969
5057
4598
2363
2101
7534
1555
1376
1614
4182
774
3049
1125
3080
6070
5025
3232
2608
564
666
6980
2910
8194
32
294
116
1043
642
4253
1919
3316
3496
3199
4828
1862
980
8538
7142
786
7214
2524
750
399
1905
1118
878
1556
4167
769
618
5143
3571
779
7392
1422
5791
1701
881
8494
1111
6922
4158
2424
3382
9462
4385
839
1931
3260
7787
479
8919
8940
5815
2162
199
577
863
258
4631
1839
6573
2477
3280
845
1351
426
1369
2114
901
2731
564
7571
6642
4323
3610
205
1763
6234
226
8367
5526
8995
1397
4365
1098
5407
4641
5720
808
4067
363
4947
7464
1617
3016
6593
3687
7968
2935
967
2345
7079
5135
6353
9143
4433
93
2919
273
8245
1429
6098
5644
4162
3629
5584
2200
301
1743
9310
7018
1899
6786
1699
256
1773
2428
6396
651
3704
2623
4202
971
798
4688
4443
6182
4324
3616
3156
3262
8785
404
7495
1249
6411
4231
107
706
5940
2179
6472
6791
39
2937
1192
3854
262
3335
63
5170
1128
1274
2901
1121
93
5571
4040
3961
3596
471
2352
3260
4832
7403
1394
9263
7689
2847
6596
5133
4381
859
1810
7736
372
1375
3569
4266
2251
1931
9199
397
6301
302
7231
7428
9659
156
3278
1200
4335
7932
757
1232
1498
250
950
54
1
4650
52
8939
2208
559
2394
557
4324
244
1728
9964
5147
2103
6188
3832
8815
1384
997
2991
8464
1764
2752
8552
119
529
2404
9153
5531
276
332
612
683
5874
3955
715
2408
951
4490
2825
1810
2568
259
9
177
1598
203
1388
912
2097
6201
3483
1445
3571
1386
9244
1841
124
3410
4696
1222
274
370
2567
7294
1173
1397
1719
2498
2667
5092
959
2635
2408
348
5191
8431
2672
4275
2026
2696
2509
1588
3822
6957
3284
568
3489
6964
2645
4533
3537
2562
4592
9033
2573
147
4386
2543
2894
593
8916
2434
1246
903
1208
4661
2675
1137
4998
284
7931
1146
604
3363
4945
520
750
3154
8280
2858
6397
6361
1044
2741
5223
2475
783
2856
2032
1852
2099
1611
4743
745
3548
1037
4093
1066
5392
1760
618
816
759
1364
8153
1167
2710
9054
1785
4720
1610
7026
4775
5910
9915
428
6888
5162
691
2584
6821
4806
1021
1177
3422
7192
4502
4982
1037
145
5011
770
8690
8760
6550
1565
2877
9412
933
6031
8891
538
533
5374
5582
1790
1371
3163
1095
400
731
2659
7988
5162
3718
3017
4680
328
1157
1129
1346
463
4564
1504
7064
3877
355
5329
2486
7751
2024
1739
4574
9103
2290
82
5234
1994
2142
697
1094
3515
1706
5452
3852
602
3433
4185
754
8398
4321
3795
2578
2549
9827
758
8191
710
60
1593
187
2681
954
1761
864
402
6507
4024
2436
4506
1052
793
2062
2364
2749
2460
3375
1125
2041
1229
3048
1045
387
2454
2468
1426
4394
1244
6547
673
1733
1130
2218
723
5388
9387
1156
7894
4657
2290
719
1253
4825
1189
1959
966
2318
5208
113
2109
2589
2462
2194
7604
511
34
2104
4283
5750
6670
580
5606
254
8110
7055
1204
3093
736
4695
1752
6396
3049
727
6198
5387
1210
3386
29
8077
78
611
892
110
3256
2873
5245
6057
5552
5642
192
140
1713
2877
8750
2326
2676
1758
261
3610
2514
2366
1129
3880
769
313
4499
2410
240
1885
5018
1024
73
2513
1539
547
5188
1493
3424
960
4258
2269
2869
8365
1599
2547
2145
2793
6868
2219
1803
1264
6208
3003
207
1826
6923
12449
1606
914
2595
1560
7605
613
5417
262
1964
133
1825
2972
1284
4501
1830
4372
13634
2405
1642
640
4358
1372
1016
671
1361
287
2553
216
628
593
4743
1205
3317
8499
5457
567
485
3099
6044
2561
2915
946
2105
1192
335
3781
1464
7651
4417
2442
2243
1453
2213
107
4933
2494
2238
147
1733
555
5396
3144
1122
4383
2315
1260
2594
4521
5338
5710
301
1851
2095
1775
2209
1146
1242
759
5936
1528
4307
5943
1945
6619
3713
4033
3919
463
5513
1555
3889
1374
6953
7970
810
3617
430
7539
503
245
526
1519
497
2525
2152
4414
19
1916
863
7188
70
3377
1523
1726
300
846
2800
2676
701
6459
1115
611
5039
1272
950
1427
1940
1349
4114
1010
3308
7078
3585
4348
171
478
2442
11385
2548
1173
1555
4447
572
1705
2903
462
541
883
6538
1986
2955
5211
7363
8532
582
571
365
4963
4289
4272
415
362
7619
616
2565
1212
585
706
2117
2888
1468
674
945
3663
4838
6389
3632
1159
5713
7095
7284
4866
391
1254
2238
4744
736
993
2464
6536
7098
3271
1389
603
2306
1557
2124
264
4082
5334
465
665
977
1329
5674
4333
472
947
1644
3551
681
3619
5390
1549
5314
4020
9844
660
474
4546
8321
276
4616
234
2403
1417
5682
2322
4121
2188
1399
1405
1468
1906
2683
3625
5523
6016
2237
3510
2510
2749
3887
2461
5697
7324
2933
3983
1645
4804
2161
1238
6113
1377
133
3740
2139
3327
2661
260
1189
178
242
419
620
3637
1357
1919
2609
1028
5814
2300
5166
2225
4964
8026
322
6500
145
4290
8209
2029
4208
58
1892
188
5296
8609
4121
984
1909
1563
5119
3201
363
1329
1438
1691
3549
546
3806
9288
190
2541
73
1477
176
7976
1508
3200
5665
883
1767
2710
1111
1830
4580
1168
90
3638
8134
2080
1453
4185
1269
4427
2171
4841
2566
974
2195
4377
3098
6079
3018
3991
1841
678
1615
50
183
391
993
4143
3769
1890
909
1729
3843
710
569
2484
2832
8831
1893
1721
4397
1775
3961
558
2924
548
5020
2815
2804
438
665
4511
151
2758
454
6622
8014
2975
435
3222
5858
4113
934
517
4110
2502
5796
3040
4144
1269
5059
2162
3331
136
846
1022
1527
870
596
2256
391
781
802
2122
1104
3007
2319
54
8726
425
7683
8985
2736
6674
1151
1733
1016
3063
11810
2021
6652
1440
322
5512
1063
2081
9982
1240
3205
396
4615
915
2227
42
318
1668
1185
332
7275
4724
5088
2539
4248
2056
7076
1078
5372
910
137
2106
148
6028
6637
2441
4990
269
751
1958
2554
2204
4670
3015
8350
1330
3244
373
9367
1632
848
2761
4959
3327
1105
5405
763
5464
1314
2749
1631
1332
2328
4573
5920
9919
108
4089
1546
140
3288
6770
3376
2058
7082
4838
4406
4978
2321
2293
2208
4931
1499
6363
7026
2415
1753
2002
4140
210
9028
1579
1097
792
1062
1027
4296
3957
1390
682
3934
529
3177
2298
1715
6461
1439
708
1289
4417
2628
3618
2201
180
136
3661
2559
1724
603
1089
6574
3338
13624
4201
1855
1306
3843
6610
3604
1852
2416
3966
3733
64
6000
487
597
2773
9497
6505
4644
4822
1377
533
5256
2812
7779
8612
2353
5630
649
515
2611
6012
7824
8015
924
2741
2294
1179
1722
4535
3729
443
1069
2007
321
1083
5981
3361
77
26
4302
589
1082
2973
2009
894
7623
2731
2404
5917
1204
8672
646
1554
331
777
2027
3080
2271
142
1031
394
289
1033
1077
2385
512
2412
2014
4795
4093
8333
241
506
6498
1730
4700
3171
5209
2856
395
6595
801
6192
1934
4827
1852
1938
3602
339
645
2255
6073
2078
1186
7396
2012
1410
3525
7484
2197
928
2437
3098
9134
2532
2046
6793
7619
365
3742
1293
7133
78
487
859
295
567
417
416
2582
5837
3142
775
8549
489
229
1397
135
7479
1750
1243
490
3122
2393
5827
1380
4030
1652
1720
570
3004
1191
134
3491
136
318
7255
1379
290
1903
2053
939
8015
1926
239
1570
468
2583
11575
3803
1088
7239
25
438
4411
2569
1011
1846
3063
3762
3384
2409
2370
317
918
1476
7429
4321
2273
5576
1196
1107
4692
2760
1102
4198
1302
2333
198
506
930
3364
2429
11578
4854
4946
1669
986
2013
4453
1074
6246
5037
101
1957
4151
670
1498
7365
1813
1772
496
4337
4381
999
725
7780
1072
2106
2730
7723
1458
846
484
6975
3201
5
1680
1362
10764
5996
4880
1358
12681
7130
5035
1787
384
662
3002
3066
7011
1262
6846
972
7363
1939
1327
1779
5778
4829
8550
4371
2299
8470
3519
4234
1555
3659
656
193
6743
3098
2674
8064
1599
1212
3526
4605
4699
1600
581
5237
4338
2619
1113
824
2156
88
2606
1848
30
193
1303
178
42
5161
9307
5678
1652
2544
2272
173
1265
3897
1522
2691
968
6031
3482
5593
1574
3563
1059
1084
5741
1054
4208
4874
3871
9512
6113
2292
1950
1380
7644
3189
9905
89
3737
697
4780
8054
321
1048
1631
1597
1554
1829
9888
2374
2003
3607
1624
2450
5217
761
482
9122
456
1414
2347
1800
403
6824
186
9410
481
4946
3285
115
3278
7078
911
2163
1936
2925
6336
1339
6267
1436
271
1704
885
3165
1295
1068
1936
7987
9532
9528
1060
7596
38
2525
626
3289
1688
4055
2358
1029
809
1088
5008
4542
1242
2585
1528
720
7393
6894
478
4330
2226
2749
7946
5189
563
9123
1115
2193
5778
455
4833
6320
2506
849
5040
20
612
1816
294
7488
4516
6045
3203
4917
1185
1327
982
2831
3291
1184
170
1360
5114
2148
80
439
7179
24
864
7453
612
7358
2378
689
4789
1653
3326
779
1347
389
347
6041
1412
2397
4755
1036
929
900
2488
324
1163
56
8506
131
522
2809
1324
442
513
2532
2246
873
9577
3267
616
1120
2973
1026
438
921
1086
4244
3693
811
4591
7231
1933
643
1525
355
6485
533
2115
6488
880
481
1941
8979
5181
2384
2075
5550
6622
3632
5327
3335
2291
917
6533
1503
2317
3023
8413
1544
6626
1674
2371
4474
4392
2484
1664
99
2287
6761
6136
1476
2056
2802
1314
4796
6328
4162
2982
6790
6790
2453
4688
4108
322
2713
1835
1364
1178
8782
8840
4462
5028
1087
4631
1975
1596
689
2518
3659
3037
1822
5573
297
4987
3198
272
197
1025
5800
4826
1619
238
2415
119
784
8541
4582
2721
299
7972
691
4210
1397
8203
3572
4420
46
8362
3371
2465
3314
633
4121
638
239
9943
7952
6246
2603
2842
160
5447
6099
5548
6982
496
6573
9141
1036
5053
1410
3102
1701
1294
2987
581
200
8226
391
705
6014
6259
1887
3311
1951
6981
2332
6907
2579
2344
961
2698
689
1476
2686
406
4423
2943
453
5460
1943
1224
1532
674
893
751
7477
101
1406
6505
5855
5217
2001
3736
1051
212
3770
5918
1310
7946
9637
1903
2468
5217
5608
1549
4164
2934
1278
1130
8831
5092
1474
7036
1614
1620
427
1468
245
2506
1176
1006
3329
1304
2126
5713
1658
9130
2184
1664
1595
580
3373
7366
2196
90
1743
3598
177
6596
8253
5465
1428
4143
2148
9691
6330
5509
9457
4550
8265
1663
4053
2454
1388
9556
2307
3962
2331
888
385
1593
8599
345
1477
333
5241
3355
4012
426
510
2669
48
5866
2976
1084
4435
3954
3083
1803
1908
1584
2162
810
2809
1955
5107
458
9131
2723
264
398
9898
163
7637
9283
6745
4003
1228
4428
2554
443
589
2759
4194
6880
3101
1587
3957
1397
6397
6492
2752
893
3088
3947
2038
1677
4272
3087
3595
1169
6569
5713
1877
631
1356
2312
7409
1498
917
5606
6122
13400
2009
2404
4430
5185
4805
5215
2208
3727
9159
3016
497
3414
891
1824
1378
744
2560
2642
4229
2534
2421
8075
1218
2135
598
8791
5126
2000
5951
5007
1429
1338
582
1325
1279
2583
8342
4561
1959
5009
1698
3429
2374
3145
426
5097
1495
2585
2958
1420
1262
960
2900
6676
9882
3890
6629
352
2053
142
919
5565
2489
3392
11360
6537
1468
3775
7769
839
935
4506
1221
3195
9245
1398
2143
846
2548
1306
2231
984
8232
1247
7615
1238
2820
2029
4113
1010
440
1947
1650
4392
41
1143
1093
657
1310
321
4096
6085
972
412
1752
2875
1230
5640
2642
5735
136
6350
5330
563
1750
2667
7121
2942
2056
8446
2321
205
2877
5517
325
1454
4230
3023
4474
3596
319
5845
5528
7563
2314
6077
902
5113
3480
3073
2719
2621
1026
956
834
3079
2436
4530
648
2594
5421
4554
2796
4227
2222
822
584
1871
2076
52
1623
9189
588
1735
8742
11723
2762
3525
2819
1393
381
359
3576
6173
3754
6164
10059
3085
717
2883
3414
176
8784
667
620
1034
2366
7348
893
1946
4484
1607
1468
1722
2526
173
1873
8500
3291
2822
600
84
5832
278
4245
2797
1553
2434
164
157
953
5842
3776
3899
9936
1222
631
3368
7329
9216
7085
5232
1928
2541
1408
1235
1768
3851
859
97
1921
4100
3167
1332
1841
70
6862
7307
60
1364
4485
9642
2495
2080
9777
6649
7436
2026
1750
2396
307
6276
6279
1912
1548
2793
409
2548
2209
1718
1421
2078
1657
6643
5145
8539
8392
2265
1393
8911
2361
557
3433
1796
1511
59
2660
1469
8951
7
2135
4263
160
1338
1093
968
6004
971
1242
9617
6114
2266
4878
5012
495
85
3049
8957
1437
373
4118
426
382
113
284
9743
3654
851
4152
920
3271
4824
3593
773
6438
106
6557
16
1896
1796
1393
1227
312
881
2615
1565
4357
1251
4869
3910
10749
1916
854
156
4003
5235
1705
6291
889
4498
82
4811
10138
6676
9160
1275
1500
560
4877
1632
2384
9470
158
7139
4171
258
766
1216
596
6022
717
5805
1478
2343
2622
2942
684
5249
1816
4338
5550
2430
2580
7170
178
11263
2104
602
1162
5839
1118
146
1965
1940
6019
3400
627
2546
1696
1374
8307
6778
350
5153
1833
3858
3395
854
989
779
676
2183
3903
315
2395
2097
2313
2235
3393
741
3215
6190
4407
2623
5532
11038
6799
747
579
430
5503
3781
6629
9316
518
1490
843
180
1319
5040
3699
1302
21
7319
2283
3308
1802
2577
3833
2481
7088
9178
944
1189
7987
2593
1456
2920
2270
1410
6539
622
301
4023
4772
1415
442
2049
7647
2226
299
1004
4536
372
2146
6439
1443
5130
2735
1932
2956
5774
2882
1797
947
1436
2097
1657
1833
5368
800
660
7579
1613
8893
616
1759
202
6564
3158
1277
2804
7841
7097
2965
255
25
4354
700
3054
165
4804
293
6136
3655
3636
1266
251
2370
118
8718
2512
6213
289
1894
1151
395
6066
2759
2226
3074
1132
4563
7568
5584
7026
547
144
1617
2088
4974
35
1567
8598
3511
5532
1291
5500
4807
282
3730
468
4270
1198
6514
6534
5545
7618
1609
526
1297
359
6555
89
2570
2154
769
9136
8671
5031
2142
692
177
2041
706
648
308
8873
110
3615
256
2433
1607
1307
2741
2109
8105
837
651
2231
6111
727
4933
3565
2454
150
13085
515
3050
1354
5774
2671
4744
10033
7449
8407
6745
1491
623
3366
982
8082
4804
4158
2044
7727
899
1516
1885
5503
2907
3862
7337
940
11140
3858
1772
1176
18
7529
3816
642
474
2099
1302
34
2986
9548
2014
69
784
1207
3907
1901
5457
1259
2204
4082
1559
2254
1024
1542
2824
6237
2976
2116
4101
3440
618
1281
8075
6233
3086
1205
6122
8638
3318
76
2719
3079
5458
157
5762
1962
6596
4546
3324
471
6439
5892
1745
2527
5863
7910
2730
10
1420
2166
3380
2676
1271
2663
40
2552
2613
4563
7983
259
624
93
9181
6961
5957
5956
248
638
11647
271
545
29
885
2984
6
316
3885
990
2047
2736
4548
2427
6229
1887
2236
6930
361
4548
1030
1919
3415
7447
6608
4361
286
166
2497
2037
7339
1530
4338
1519
903
1447
1167
4987
581
31
1144
3385
7074
217
946
5514
2230
1358
5087
1292
4154
5526
10960
1118
6695
1237
4111
94
1626
859
3585
915
3873
205
2573
2896
3412
6440
258
2008
68
2626
6641
3042
1842
572
430
2190
1249
7025
2022
3018
2433
4885
4253
3626
33
823
8
4621
7878
2943
2674
601
2896
748
5476
1370
2002
1754
934
5123
301
9202
3072
6089
2788
6065
3160
518
285
543
5438
2297
856
968
3153
1706
823
2075
2628
604
126
1205
55
6768
5013
1610
5392
4660
1475
1059
10292
1970
50
1193
2637
843
1480
1152
2650
2158
2621
2048
2016
2889
2486
2183
4824
2163
4383
328
3435
2213
4072
5793
2069
1107
2572
5115
2135
82
4448
2189
3172
4743
4634
3170
1252
1896
610
2737
1799
332
3889
5243
2532
62
2258
1929
5991
7283
3979
3102
1384
4344
396
155
843
1863
738
7175
12373
1227
943
245
4997
1690
726
2363
992
3737
553
7134
3748
2247
8019
7010
912
7965
522
1864
2936
21
1967
9180
5910
3731
7306
8278
7928
8936
393
4671
781
2791
1161
5029
2796
1308
1212
5055
1591
1990
4495
1801
5053
1724
1574
650
3045
3471
4089
1899
5303
2167
1009
640
9598
1763
922
4775
623
817
3419
1462
3707
2958
1936
3671
1970
583
1283
4881
415
3710
1178
6960
5140
2325
1096
2961
712
2549
291
959
4996
14
135
683
72
3222
2327
409
310
2387
4415
6202
3051
2424
159
5189
1740
1432
2392
5109
5664
2241
1418
8733
1261
612
833
4105
1396
1456
122
2144
953
5207
2581
34
3424
2134
1085
729
2759
3911
481
2412
38
1504
496
7253
4886
4566
2933
7528
1159
1344
4587
557
1156
600
1389
3091
639
971
3654
924
7581
6486
6325
3311
3154
2815
2768
4879
592
1072
2586
628
10744
7185
7023
1024
1232
1710
4204
340
2665
3523
5575
4926
859
861
897
683
394
4222
6033
3345
5365
2108
3338
1985
4769
5075
766
9288
1510
1389
5098
7659
256
3331
3890
3672
1671
1125
2380
3146
4069
1397
8567
3330
1410
4708
5656
4292
5421
5600
5526
163
617
7543
2071
148
2201
5485
7499
1632
6532
5024
2106
2405
2253
6662
1760
4709
2886
606
7591
1547
1733
3069
6887
156
4634
2775
779
7608
176
1116
2423
5810
2014
9
687
1093
6671
3449
159
1357
2753
140
4136
5607
1710
6089
3399
3478
6563
1366
7105
2118
2181
1488
7433
266
877
1967
233
5472
2767
6541
13660
1617
33
1914
623
3153
4014
7932
1546
7241
2987
905
8177
5513
44
3504
4010
3898
66
4665
2214
1503
570
9805
6648
2669
2139
165
4188
130
6869
780
5764
1971
1582
1582
3227
4653
193
9516
1007
2047
1898
4879
500
1475
12631
4290
3856
3071
12055
4438
2331
2035
1485
50
8914
7162
1886
2957
207
168
2360
1825
1601
629
1830
8511
4012
4308
1210
62
5875
928
2166
4182
8278
269
266
5328
609
3389
1070
390
1238
4645
2258
4566
573
382
775
4642
2512
1411
4682
4963
1791
2235
2438
2611
3003
1886
4625
4943
403
1343
4149
7852
4388
6475
2707
120
2302
1240
3965
4764
7090
1473
5726
3808
4972
130
1134
9336
318
5436
5700
873
43
6263
673
6148
2058
5234
1815
69
982
1172
3366
1340
6149
50
2929
3057
655
2362
2211
204
6358
838
1575
8256
4358
497
7934
6467
2961
2333
1056
3029
3410
3019
1501
2042
0
1769
8547
543
2402
3527
2867
2220
2191
4269
1601
4867
645
1393
2215
977
926
2062
7610
5654
1374
8242
1244
6254
5268
64
383
3238
593
4323
766
27
4184
1923
43
5704
1457
2912
7848
68
2171
179
2663
1401
3604
6442
1413
3926
8254
591
849
4205
846
1258
2679
5238
9410
1810
1844
8339
143
872
4623
497
9594
9070
4183
1783
5096
4484
3595
2605
2306
315
6861
1595
1629
90
2853
538
4159
2362
910
8652
1054
4118
226
1282
3491
507
71
1105
788
1897
94
1732
6515
2620
4569
3360
6982
2034
2877
2303
1530
3358
2817
1628
2623
179
2622
7012
7431
464
436
49
687
3940
2255
738
1448
2884
5355
5905
759
2238
1255
851
1230
3191
2248
1914
2204
1650
537
5379
1207
5121
2229
6012
1414
2424
1262
907
3494
970
3075
362
3074
2247
6286
1726
2573
1
8067
2778
83
3426
93
2681
9797
4336
1938
2616
4194
9651
241
4071
258
1445
4441
3881
1337
2126
2684
903
4231
111
7849
568
4507
7367
7580
5443
515
2779
3428
3085
2157
3347
645
4973
5349
1505
2574
657
1527
1369
7471
2058
1056
775
7156
3924
9024
654
745
293
6482
3222
2878
4477
1664
2747
7973
4157
3636
6306
2744
769
478
534
86
264
20
851
6728
4095
299
1469
5014
595
3537
2679
1125
1078
3675
3480
369
9167
3288
4041
5433
398
1061
5873
3852
880
7815
2751
9563
9459
4761
1655
2889
4226
668
1397
5167
1855
1051
136
6108
2511
60
8600
719
2433
1804
1933
1112
667
10017
1791
3966
2833
5852
194
2567
7941
856
2953
148
3768
1074
4631
4545
3634
3993
2777
1602
7815
5893
6144
1893
2087
5705
294
4692
2713
1296
3138
1409
2929
986
4777
1970
3140
3012
4644
6268
3013
4827
4430
3164
1909
1211
2699
1700
5633
4359
683
2325
4321
6036
863
6617
5923
385
3412
4798
6733
40
3662
8613
3307
3850
4123
1453
3843
26
4721
2281
3754
2026
103
2460
1762
4605
3658
1883
1649
7355
1731
399
2068
7446
1147
3236
1808
3388
2441
6501
7645
4936
2539
389
4212
5663
1711
6061
2220
2342
4560
2583
5619
1319
1156
5763
7959
149
5572
1833
2234
1496
4933
4322
8776
10096
414
3432
3990
2284
29
1281
8196
647
2959
4328
9799
3730
7476
7804
386
1147
1624
5356
2297
4089
1145
188
6634
2233
884
4271
3247
498
4429
856
2134
489
4555
2113
1606
1744
209
6932
974
1068
1640
1861
5497
8347
5458
1638
943
813
1639
7522
1415
8160
2269
3006
2346
2020
41
2027
5449
422
595
3371
8101
1502
6823
5875
1926
3897
5122
997
6423
2582
1375
169
2932
708
9160
5301
2839
2100
1753
1728
539
6842
600
5241
3040
6983
1054
5513
255
4222
2510
1736
5373
821
107
7839
3325
545
4963
2206
4476
28
394
147
3311
4321
1897
2286
4544
408
8501
4571
171
663
3027
2063
457
1869
5952
208
1433
907
4965
4
338
1078
2281
745
4439
2433
803
2641
2598
2426
821
2589
2963
5014
8078
3542
1243
5350
690
1199
3715
1214
2049
1253
1261
3885
847
42
1983
563
1603
2912
2298
1259
3086
7419
790
730
1866
387
4841
1736
881
1079
3335
1073
7845
6386
3851
4266
6826
1778
15
2372
2800
1532
1514
1538
1844
109
1186
1993
1182
839
7395
1385
4978
3995
1621
2114
33
3029
2700
3577
912
669
995
153
702
8526
669
2236
8678
7517
2730
1013
3254
388
8226
8337
2591
6081
7682
855
3130
639
1036
7189
4283
2690
2198
187
1808
7305
856
1205
706
8625
3782
2772
481
764
4924
4005
214
7906
2103
3905
4970
552
513
102
25
836
1662
1883
2815
1460
411
1473
3458
727
3724
2367
459
5348
22
2235
348
7246
273
1547
1186
7201
9090
2409
472
122
4777
1177
7843
406
4596
482
826
5590
4886
1747
1000
325
99
3266
3087
532
1620
484
1505
1068
3550
6751
924
4249
809
2612
1557
1075
2603
3587
1155
3189
5049
804
3565
5899
8916
1277
3551
3911
4449
4401
658
883
11479
5177
2649
5185
4957
809
5041
4541
4103
2576
2310
3070
2573
128
913
80
6018
5491
1962
7790
56
1198
3755
5145
729
3514
3953
5154
1066
3093
577
995
61
499
1834
2121
1878
1270
4603
3035
252
1816
2512
2872
3184
7572
3309
9554
841
1175
1892
590
1420
620
2033
6368
7320
1744
4318
573
55
2277
1753
2302
90
1927
4583
4653
2567
2098
1995
5080
1259
6485
626
2696
522
1185
8001
434
7317
1553
2673
526
4757
5366
2638
1296
2721
3752
75
2037
2768
4950
3345
1179
4097
13072
9073
1098
233
6112
1204
8299
701
2943
4495
379
5056
3326
1449
3061
5509
3102
2502
5005
3129
1985
2445
1784
2018
1484
299
9800
1976
206
2897
1146
6628
3630
8190
1745
5808
1944
224
539
3722
972
4381
897
2422
1125
1066
211
1220
12607
5235
2434
16
442
1049
1592
2261
6403
6408
2237
2008
7495
1673
836
1264
1458
3269
6734
3103
673
1303
459
1686
1638
5623
265
6466
1088
4847
2800
1192
894
1138
1634
2994
8640
484
1210
4047
3274
435
3052
6518
1616
4701
244
7308
1743
3547
2223
2847
1382
4464
3907
897
6686
5976
3375
885
6248
661
3646
3566
3727
716
603
277
1012
6074
339
4685
592
9045
2423
2615
1657
5322
1686
2287
736
643
1292
1890
4156
2777
4093
2278
1183
792
4026
444
132
628
463
792
839
6152
4218
1699
1283
1255
538
674
1939
426
981
4310
3050
5617
1091
680
264
1355
5485
1440
172
7856
5513
891
1415
3499
4731
1180
2572
7044
9391
709
7782
5391
3167
4387
3590
3119
336
251
609
2000
116
410
6395
5417
53
534
7397
1313
5624
29
9806
807
4939
6219
2313
5850
526
3662
2680
6555
1280
732
1146
150
469
1
4549
9114
3923
1677
361
4463
2293
3656
7780
5842
5036
6532
2347
3003
6154
891
1691
2018
7654
796
5432
4203
1150
2543
5164
1607
3203
2027
2237
7452
3041
314
4311
962
2463
7887
4666
3402
1799
86
2621
1252
6178
2759
4292
5127
782
2286
4307
178
8069
2468
1076
3467
2168
1611
8791
315
1842
3094
588
1084
5102
5698
4874
261
2648
2954
376
3001
353
661
3519
796
3143
441
6913
4311
2043
3193
162
232
5037
2364
6430
9177
5975
6671
7001
3174
1002
1151
7624
570
9215
4903
3812
1063
6753
6045
3268
5588
376
641
704
2666
107
3841
7005
2325
943
2269
1900
4593
961
2616
5835
313
148
339
151
641
803
7948
3650
61
1990
911
4283
9595
646
8807
2686
6433
134
4514
1593
3974
154
313
1725
4393
1089
1877
2043
2273
4130
3294
2748
1114
631
9206
2301
5531
6034
450
471
1151
1601
2401
15
916
6313
2948
3055
1438
1487
798
163
25
2651
8345
802
1227
1256
3175
1501
2920
671
1281
263
2559
3431
2773
6214
8049
156
4152
6713
7307
5779
5877
1702
18
1508
699
274
7052
3240
2064
4180
2568
426
1240
1707
100
1493
5376
949
5212
2473
9213
1654
1122
3567
9670
5191
4911
6482
994
7898
5288
4490
40
673
10915
2086
5885
1516
5643
3819
257
4133
1165
67
1663
3205
710
306
2976
251
2134
2016
1023
2063
3221
1681
3761
1191
749
1158
3240
7329
4351
1071
1643
1663
1581
2265
2313
1847
4100
1244
319
6802
1342
2297
2550
627
2631
4299
3760
1896
7776
656
2557
7935
2528
888
100
1651
2882
1479
11610
733
8409
4505
1837
1742
2353
419
1258
4218
1731
6383
2495
2137
266
932
7268
6012
4881
1555
2763
1403
8097
3075
980
3716
5262
1199
1599
656
1319
417
4214
3586
3798
847
222
2913
1754
1636
1873
3933
2732
5867
2672
1818
1640
10150
2929
789
194
905
101
3889
2828
606
3571
3616
431
1258
83
2061
1657
4183
7462
924
5317
1025
58
8940
1957
942
56
4185
6092
6570
10723
1043
1424
4271
550
6040
7910
5795
3325
2118
1960
986
5944
1439
5954
3469
9047
7436
8672
3555
3794
6460
2447
2221
9570
41
228
240
60
1106
2098
1748
909
2173
1189
2692
8443
2575
7193
3416
5110
2
1694
229
867
402
2081
1370
7920
1614
4358
444
6574
122
9615
4199
2713
226
1827
2441
5420
1111
1612
2287
3033
8096
672
933
519
2024
1937
2284
2088
190
2616
1695
3216
6497
7913
79
5232
4934
8684
839
2317
606
1757
6945
9483
5290
5601
525
2713
1484
3272
2015
2388
4290
1466
7063
755
2755
3296
4651
3991
2369
3655
2007
4799
3080
2997
63
279
33
2753
942
57
2967
3830
1728
5367
914
7622
665
4748
471
9406
495
917
5940
2956
5305
1086
708
691
9021
877
1163
571
7539
2920
2634
832
3095
2588
2945
682
2028
527
1900
475
4616
4905
706
7263
644
2984
6457
3236
6525
1541
1054
4280
3166
546
16
5476
3184
2848
1917
45
5496
4270
11783
12
11384
311
1370
284
2205
314
2068
719
8023
34
2352
2339
6698
754
4030
55
1308
6860
360
3636
3285
959
2116
908
3908
2362
1960
4838
2078
1184
523
2312
4681
1845
2939
2205
4451
2221
6194
5812
365
2594
6135
2668
31
1733
1860
4482
232
46
1146
665
2597
8190
1126
2576
507
630
2018
985
261
589
1088
1643
2242
870
1419
709
6712
1793
926
2904
839
7257
6116
3740
1933
398
1276
3658
1727
608
6142
4734
1714
532
1777
2941
496
8010
6583
4483
1016
941
769
4607
4424
17
5065
3428
7698
2300
1384
6661
2611
4221
7601
2650
3628
1489
3409
7510
2649
3531
3127
5944
7148
13
6469
7493
2347
256
659
208
4567
3897
1155
3820
707
2172
471
2044
4746
4214
631
2480
5727
3744
2258
4053
6139
2889
4184
1421
5015
1431
4017
1435
6001
138
4034
968
4914
1569
4090
3304
3250
8151
3711
951
10942
1343
5316
411
4888
635
665
524
4427
3914
541
2545
3803
2040
4863
498
8634
2056
103
3915
122
3299
1118
10768
7783
3315
4049
1286
1232
111
879
955
531
6710
3242
966
1729
2462
2469
1445
516
5133
5463
2319
187
743
7170
1141
6407
2030
3142
656
1651
3661
5703
552
1059
1019
4944
4280
8923
1540
402
4768
6247
898
2377
201
9675
647
2571
5646
3939
6593
1707
585
476
4775
6450
1003
6421
2466
6783
767
1799
8174
31
1510
3614
731
4990
6240
1321
811
2199
2140
8457
3854
2857
3261
5403
713
5544
2993
659
132
2325
2312
3194
537
1814
3890
93
4186
1387
3538
460
5720
7439
4745
832
4925
3588
6078
1786
3547
2796
1848
6712
906
4627
1702
5402
8963
4697
1575
1024
1522
825
4057
3793
2233
2041
7228
140
663
7619
5661
5531
1342
3901
2469
1329
4776
8008
5519
3359
1131
5659
4716
624
7166
830
5895
4816
25
8110
502
1359
216
3243
4120
4610
684
2281
739
2136
2901
3585
4618
5228
3821
8606
2471
10155
2345
8472
1783
225
2870
610
465
2543
4508
6114
3033
5557
2997
705
702
1080
1806
2170
7620
222
3873
2912
1233
1417
54
8265
6735
1302
3124
6042
3464
1619
872
2969
2046
7063
4133
4460
1437
7255
2929
1096
5961
719
8717
4349
964
5094
462
5257
3308
2372
1434
1391
275
1094
6699
595
1945
7121
1793
4633
3759
539
12530
3106
619
5441
5403
7012
5770
589
2627
1378
5486
2200
3906
158
4083
1981
1399
5254
1696
1626
8464
2836
2077
2729
431
5065
179
4109
223
4509
4959
2277
6594
2005
2201
1758
8867
7577
8590
986
685
3975
3514
1555
5330
3896
7068
1984
2766
2033
2824
1617
773
389
4531
4488
458
2604
2419
915
1494
998
296
1364
3100
1293
1544
1878
980
5618
106
7921
231
4970
1173
903
8066
2271
1679
5948
179
3600
4731
1366
5621
6968
408
3580
3944
9844
7866
371
6411
1892
4828
12811
4494
12
839
1022
2677
2827
3007
2820
5323
4725
433
3710
1995
4475
5095
775
7337
2568
644
827
2485
4239
3618
256
8878
1149
5988
975
625
935
3019
3348
932
1863
971
107
68
3361
2351
506
1921
323
7459
4212
486
1573
2061
1653
395
226
2225
3171
3645
609
1451
2102
7286
3733
8647
4485
4196
6644
1877
2837
8932
2527
997
744
141
6395
1457
5084
71
7645
1565
3145
580
4335
6290
2331
2238
4069
4247
394
1043
1760
151
1045
350
4322
1209
2004
5121
622
1258
265
1269
6772
1476
240
2211
8210
1990
7785
1325
1899
3628
2354
3213
7278
6336
989
2604
3636
8386
1090
4626
3972
3935
4380
3481
6509
12252
856
73
1043
8768
8965
4839
4944
4708
796
771
7228
5997
7503
7526
3411
5242
2178
3226
5325
104
9278
2186
4735
757
1600
3815
2624
1923
1712
2320
1744
764
3400
3626
4602
3383
2302
463
237
5043
1539
2599
1559
3696
2641
7267
548
8854
1071
2754
5993
1070
2106
4438
3985
390
6467
4035
2540
2459
489
187
6691
214
4109
556
640
4345
8957
1542
5645
3265
6831
7931
3615
1653
3606
7447
7168
3329
8451
3999
4967
11968
623
3754
1102
2100
881
2370
896
4911
5517
298
119
4988
2980
4384
760
880
2852
1030
3615
1053
1194
1752
870
7993
4350
4595
3899
13422
8454
294
2437
2150
6035
1530
70
1407
294
561
1061
5026
2825
1630
4610
2635
4900
2505
1058
6757
2471
1342
3075
3241
1463
150
6434
6007
5401
1784
2609
1670
3904
2273
3219
5585
1368
1181
843
2301
497
1747
131
2261
1633
7702
2032
1087
2037
4960
6386
3440
1249
1711
257
1324
5544
2418
6764
1482
7210
2398
4095
8133
899
348
8773
6338
5538
6509
3490
1151
5813
1134
1600
36
1789
238
722
2659
1584
1502
17
308
5785
2129
3073
3093
7523
868
3415
1210
5559
5402
417
1121
662
10265
2332
3653
3854
1250
8052
5987
2848
1675
2366
2320
5127
668
1557
2220
2261
8308
1075
8264
2045
3387
796
519
506
1057
736
7963
1958
2393
552
1153
3700
804
5199
2190
2605
477
4012
330
435
7303
5679
440
4095
1785
3585
1672
904
5405
3073
3044
6544
2598
7544
591
708
1454
1451
1789
2780
1119
3659
519
3943
4594
1584
2120
2350
8271
3371
1293
1655
2728
1430
2421
1614
6382
1945
161
2559
5689
8038
4608
4394
6089
2349
7596
3765
1869
1681
5387
805
1632
730
993
7029
23
1087
8407
496
5020
4959
7537
6812
5160
7079
3906
5891
7803
913
60
3417
374
47
6391
777
3101
985
1277
6438
1622
6197
9776
1637
1941
853
7276
2579
821
12604
2338
680
9531
383
8544
426
428
6544
6116
8117
110
3582
1369
7810
1758
1855
1476
2177
3465
1046
513
2803
2097
7211
6139
1751
393
8219
552
3658
581
4288
4306
3393
197
4130
4081
3465
191
1895
4283
4792
9560
1265
7157
329
4396
744
1395
2508
550
698
4402
4881
2809
2637
2883
7233
4363
1887
421
820
1180
5871
3759
7345
287
10436
1413
3343
886
1190
1997
2919
265
8413
7815
89
1197
5404
3722
418
2780
726
5537
4057
2995
3449
1417
1949
3484
2558
1434
1029
1471
393
271
352
3460
1442
7632
765
3932
2957
6867
1947
6354
1572
5637
6150
971
2039
5811
4843
2562
2049
1563
418
1962
2829
2439
305
5534
6494
483
4232
165
2024
2343
3712
1981
6849
1204
2119
8814
1791
2245
747
7851
326
1192
2168
7757
3836
1790
6482
448
4303
2806
2805
299
1250
3234
1094
916
3208
4308
1129
5082
2845
2387
5904
1011
719
2756
263
2609
7143
7798
3750
1290
7061
3275
884
0
1762
5451
943
1744
2034
3421
680
6686
658
414
2716
1420
3556
6101
3866
9581
840
216
2708
3230
347
1591
3747
5038
3476
9741
2912
5160
574
3301
3035
1579
2423
49
816
967
768
1599
105
1449
3198
4308
5287
4593
3251
2384
2904
6161
948
3407
7751
1894
3578
9576
7706
697
303
5714
3150
3615
1244
199
3984
5013
3043
6828
4799
4521
4879
3027
397
1403
5406
1519
2793
1879
2445
1094
1190
6154
217
1088
3641
816
1456
1917
3229
1210
3605
979
332
2437
3244
150
903
3802
1296
2173
53
7984
4064
2243
2210
5314
285
2257
2913
4746
2686
4992
2355
4949
1391
12427
516
1124
1346
51
15
2105
2716
2802
8112
2678
3112
7505
2142
313
8585
2837
997
6010
9251
1557
1573
2965
1196
343
1721
2252
8454
854
2516
1748
3758
6226
461
7222
1761
2827
907
2814
1823
6694
1174
314
3313
3924
2065
2586
40
1575
2966
1201
5643
3241
6126
360
681
2449
2436
6085
1612
277
1493
1137
7732
761
7155
8111
1063
2645
3495
4528
4049
433
577
3302
2505
7096
1194
3085
1068
2701
1505
4327
4743
3522
2095
2780
571
4858
4798
1327
6197
3436
5189
669
3513
650
2312
2406
5867
682
1819
11576
884
886
6963
1826
2922
3886
6816
1641
1167
3049
2002
5258
5877
7356
515
3969
233
6887
1366
1558
3519
266
1507
4035
678
1373
2880
183
5769
5348
5706
348
4533
3426
3246
2292
2880
3069
1008
2506
2904
5023
2855
1450
3901
1791
8225
3623
1387
1068
4700
4041
337
3012
2704
2984
3571
3494
7308
742
5710
9102
2090
2071
1230
3111
8310
5187
3412
8749
6400
2541
1135
277
632
202
1051
1922
4308
4756
873
1137
4071
4169
1911
740
4059
668
4111
2219
3288
2773
6732
500
714
2000
965
1589
1501
3189
2380
7926
4264
5800
4738
609
4525
3512
2077
2637
1050
3019
2299
526
4785
87
749
2879
518
1074
4859
2409
220
1970
430
4730
7216
1725
6874
5524
3787
1332
686
2575
2690
2454
2754
1073
3724
4444
383
2995
718
4574
464
4824
607
2753
2533
6588
4477
839
436
2822
6597
1086
666
2979
4042
2568
7185
4169
6868
2622
4461
2307
284
1465
1980
5178
2034
2770
7026
732
4971
9266
2584
5631
1415
846
11525
6798
1892
3650
6514
612
1676
911
571
1878
4377
8321
1755
1428
314
4127
3537
597
3569
2005
2455
7481
1186
2064
8528
2432
130
5555
5964
5619
765
2087
649
2178
726
809
4038
669
6426
1789
2720
942
603
569
1072
732
530
1248
397
4403
2419
7519
1745
780
3483
863
8593
2454
2461
4926
3859
7935
849
1023
4629
6666
5910
1416
5357
4273
409
7120
4150
2979
688
1353
1421
1491
5296
54
674
2733
1181
939
1418
2903
1748
4679
6526
7636
502
3660
2627
651
6178
1365
1701
1204
3393
6683
1715
4091
3340
280
3479
1954
1149
6141
154
5902
2258
3068
4878
1651
0
193
638
1759
1049
2159
2536
838
307
1255
2664
2738
1453
1299
1290
5333
2882
3536
259
1924
123
2658
7817
2927
2799
6600
2512
844
2752
2024
8520
7646
64
770
1745
9389
612
2891
3497
2970
1863
7164
455
3586
2232
4384
7234
1003
2791
2237
777
304
1417
2418
711
3464
7522
1097
550
6125
2272
4694
2047
2200
2516
7471
2130
1144
1877
7787
8616
2166
236
434
4586
1822
1750
1877
1938
478
2393
6063
2001
2754
8880
3486
2155
1946
3099
3043
2183
173
7655
2483
744
5592
2398
458
5788
836
4182
5746
481
1400
1429
178
1863
3097
849
4436
720
3797
5890
1903
2201
2219
313
7215
2830
439
10487
1721
2404
1663
295
771
6678
1089
2958
8334
1399
297
792
5911
1903
5741
1283
3011
2072
124
5631
173
1148
2617
1241
178
2698
1025
1107
4642
3384
2583
4573
968
1658
2356
2504
5801
1924
1209
6615
3174
6228
4595
2913
169
2466
3483
1779
1839
136
5262
878
1635
1517
6499
2756
998
1661
9745
5616
1360
3391
2195
2237
339
8862
782
1335
742
537
1741
1582
1628
5230
1377
1257
2269
7380
814
152
2405
226
761
6692
7364
729
2644
2542
6445
1654
2282
3045
239
1076
6088
947
1877
2298
1548
2340
3609
447
989
857
1405
2511
1834
1226
40
254
3862
5401
910
2012
1692
318
827
1114
254
1822
4050
900
1021
2731
4650
6489
5684
1208
241
1100
2879
51
896
1324
9254
3787
1216
2673
1232
201
4107
3831
1168
334
4154
1641
3365
2415
3943
2010
1578
4232
6266
5846
959
84
2994
5976
823
1877
1977
789
4853
5868
3779
3541
4981
6024
410
3511
2748
4440
1002
2314
5222
508
540
5937
1611
3553
9180
1895
6422
4511
7284
5743
1744
2639
2925
4311
425
1868
6918
6051
6635
3271
8290
1216
2255
511
1033
9568
7798
6709
5059
5281
3265
961
334
5292
2195
283
1815
1911
2591
2743
1692
4358
1515
1234
982
476
1633
39
5533
7437
2696
954
1103
2102
3269
2586
159
242
8705
2075
796
6927
705
7763
2875
2952
3243
1646
1726
799
1085
2023
4274
1332
5354
1355
570
633
13021
908
6841
8186
1896
5488
843
3057
2581
4260
1206
6278
8452
61
1757
1488
9006
625
2233
6176
2202
5804
1953
6563
3727
5388
2112
6405
3199
814
2432
2882
2039
6985
8360
626
836
1423
8984
1467
5621
558
5622
3411
4295
3405
8245
4051
1660
2449
4145
5184
7725
6145
785
1828
72
703
3878
4865
202
3219
736
9181
332
997
978
809
6873
4320
3215
1705
2178
8467
244
4289
4825
1725
4109
3377
1368
168
2927
5022
3298
5426
1014
5825
3588
2645
3562
2786
3329
6137
3698
1300
216
7600
340
3419
1120
3642
6090
2078
103
8014
1290
600
4467
6117
145
2059
1241
4311
1037
153
4255
2261
326
5102
2243
4845
3303
1481
2642
1031
191
4978
7018
3293
2177
5773
212
5636
6045
1341
1562
1001
5907
6912
1381
48
1999
262
474
4477
5635
447
426
2228
3732
800
2227
850
3100
814
3679
1521
3158
5444
457
1454
7645
1192
1051
1435
538
2726
2221
8603
489
5986
3216
4567
5481
2214
4008
1631
991
851
8816
3150
3260
1142
4710
2091
574
9637
3889
5798
391
1917
3530
378
1592
3651
5062
5311
1893
2626
6217
8126
1544
3720
5816
5175
4077
7387
1284
12183
6980
6158
1241
2272
135
527
2529
331
7093
2611
76
6877
9533
338
3915
280
635
5464
2630
2242
2938
1443
3869
2741
1020
2990
7175
775
74
98
768
2169
645
820
513
932
581
3250
938
5249
8298
1949
1049
711
2569
1689
7154
1939
5132
123
1097
1108
1093
1351
7676
716
1600
714
6675
3622
1044
7109
2287
171
290
707
337
2490
631
430
843
2580
5795
5626
1105
430
1014
174
2876
198
6007
6157
464
1836
8492
2646
4611
4565
3947
2879
3397
268
9365
3058
417
2505
1250
5213
618
7000
1179
144
1569
1520
2699
597
1098
1156
2644
2934
2217
3262
6472
1715
4280
2687
2661
7997
9415
2262
4364
3829
6117
623
4930
2503
553
3696
460
7695
4808
2422
5288
4013
2546
4228
855
4584
124
49
5289
996
7128
1972
1696
2143
1961
3951
8784
4131
2179
1373
2834
2549
1948
44
2199
3607
1087
1862
1259
2522
1691
2268
2080
6287
1405
1202
738
1170
3900
1566
6825
953
7090
2806
9751
1341
8103
507
3132
1122
415
72
1977
1889
8214
5931
2956
1397
1536
1482
7590
3510
60
2560
1594
2237
4992
4065
304
726
1411
5763
1114
1497
2308
651
3827
109
4677
6837
453
289
1253
636
3506
95
4263
3966
2587
3418
7485
151
1878
5535
1340
482
181
8120
494
8076
1078
479
8056
2759
4076
2163
6057
570
1981
3558
3489
64
13
2129
3643
1989
651
3719
875
1447
510
195
4990
7608
578
1117
4788
5617
653
1373
7909
2274
1326
6365
1057
1043
5668
4987
520
2292
5089
359
7496
7309
1436
639
3453
3279
1771
7021
3227
2334
1292
577
4558
3461
472
8245
3549
878
1019
223
3092
6046
969
7746
2335
9166
924
3709
13
4062
5211
2100
1668
652
743
726
1320
1177
4847
854
2697
1955
1977
2862
1697
5399
1503
2674
1646
401
1379
9482
388
4000
4721
4134
6071
5299
5424
106
7397
4559
4665
6813
5760
1972
5393
5941
613
704
2243
3133
3449
2208
9626
2
449
9106
2367
612
4223
5840
4217
160
4908
7397
2403
1645
6103
733
2412
827
1954
4113
8206
2674
3395
8005
1263
3508
299
2210
1985
2830
4655
2133
4795
943
6191
242
82
140
1454
4965
5064
2157
1032
2525
6860
2451
3147
7181
2948
2951
2737
253
239
10120
4223
1708
3865
6236
514
3173
2009
6918
515
9590
1317
4833
1114
510
5197
1460
112
4136
2017
5292
1590
2534
969
3703
5274
4011
3941
883
3346
6361
1457
572
1315
487
1064
7531
2025
2467
2676
31
1163
3642
155
2492
1431
2110
11389
707
1569
1631
1775
6276
353
739
682
3932
1019
4338
2042
3262
10505
3021
2850
399
1403
8415
3074
1370
3922
2841
2845
1727
835
1781
5153
727
161
4626
5698
4286
1586
1348
3607
3505
2461
880
5367
6601
3422
4841
1432
1999
2062
4577
1099
4673
5208
108
770
1349
2251
10
3618
1994
1128
507
4113
2078
653
4722
6346
1660
4836
610
1191
1455
556
1661
2011
3268
1983
4936
1048
1053
4698
7359
1618
13456
5584
8557
7373
473
2368
1932
49
5191
884
4296
4930
8451
67
6805
2156
507
8969
1115
518
5890
8110
2068
3284
3853
1684
9535
1651
834
2607
4140
8562
802
724
8116
2925
2991
3991
4825
1099
1870
5443
4
4177
75
4332
4928
2032
6441
982
250
2497
4368
6876
128
2451
7040
267
1928
158
2133
4193
6915
4077
2225
8201
4688
246
296
1940
201
249
131
5571
2429
1655
1072
2688
9860
6477
69
5751
951
5914
5216
2046
4432
703
2502
3083
6328
520
2462
5311
3893
217
4164
1567
1072
921
6708
4424
1192
1291
9320
1818
89
3978
4703
1784
1261
3718
2572
2960
5572
5100
68
3200
3984
1547
4353
7343
3326
4667
4821
94
1721
2635
4846
1381
4770
1817
1208
1259
2594
8694
570
859
897
4168
3632
1989
7663
5728
2579
9537
4086
853
818
1021
3089
405
6024
3255
3604
401
7464
1834
500
6658
137
8147
4686
6231
1896
1063
3660
178
5496
1113
45
1108
2447
3757
1490
1870
5639
4091
557
531
0
6022
2201
884
188
1063
864
6187
6221
841
1307
5043
1956
7273
3133
7045
4814
5815
379
4683
7414
3410
857
1292
3160
2653
5169
4497
2049
2196
2687
2739
584
4972
3369
843
831
9002
5592
430
5422
3251
2923
7989
3951
3202
3018
550
428
2513
267
77
721
9766
2835
884
5258
5983
567
982
2195
3655
6434
6039
2101
4567
1436
3144
3054
348
2547
225
3961
1391
5293
2232
7384
4619
113
2628
760
4712
30
1926
2582
2142
85
1588
1434
2223
2088
5252
3910
1115
205
633
4724
3559
2277
7008
3031
4768
5386
6927
1488
327
1616
1218
5473
5701
1430
5351
235
5495
2131
943
2074
568
1017
6830
3378
3563
9570
5029
2324
7970
6456
4728
2631
2985
2442
172
3932
709
2003
1278
5043
7362
4970
3712
953
812
7577
2069
10700
1740
3044
2367
70
1873
1123
670
6401
439
575
1413
1827
6531
54
1832
682
1829
2440
915
330
1578
655
4681
2191
1944
12428
4569
8480
1181
1051
1230
143
4750
6759
1504
8586
6329
827
808
3201
2021
838
1337
1857
3621
5310
3108
858
3710
2587
9530
7117
422
8114
885
25
720
1722
1233
2637
284
3570
3856
2725
3237
4064
327
261
1922
4042
1003
4098
2556
2806
6142
2741
439
1531
2686
8040
7847
3879
3140
3790
1985
5109
1376
4484
2212
686
421
938
2211
1957
1136
1913
3321
804
2574
1944
1105
2004
1427
3742
3063
691
1925
3977
1145
5704
2373
5987
11501
9779
398
867
5639
6271
1237
317
2574
1963
5495
1561
859
1471
3099
881
2994
1358
349
96
450
892
805
6731
2667
331
197
639
6959
3724
178
4262
155
1557
511
1577
5588
2993
954
1474
5456
1817
4021
814
164
1557
4015
7105
3068
1742
1031
380
2753
6890
9940
4698
1461
1400
1350
1253
2837
193
925
175
4039
2928
1501
9175
3944
2714
9418
1009
1081
191
332
7851
1802
1743
3720
58
7347
2837
258
7841
3552
281
4778
4
903
1204
1457
341
1233
2
9069
7822
851
3134
882
4694
15
1418
4837
5440
4387
7748
3855
6196
867
2715
2965
2939
2803
2477
1278
399
6183
2706
5310
3543
12954
3292
4397
2377
4241
763
1307
2325
2798
1478
707
6699
1521
2703
7008
2027
3103
2822
8745
5956
1640
5289
7270
1931
89
4509
2388
3929
916
244
2185
2855
736
1973
6868
548
660
5008
1036
278
1372
1883
3316
8717
6954
825
5373
3277
749
277
3972
2404
21
4064
8740
2484
1955
1497
1248
17
8252
3562
5149
481
7110
3824
5406
2089
1150
1531
757
1334
4809
5312
3797
1722
1746
106
6725
569
6401
7974
5342
7284
1620
3633
3773
229
6727
523
3268
11644
4337
3861
2484
329
3140
1496
7303
3606
152
2483
7463
1801
2693
3769
3272
1095
2521
4809
116
2123
978
1522
1103
131
4972
6475
2495
5341
8568
4543
3144
3557
762
2330
2332
2361
2977
4067
4395
214
4043
1153
4449
7995
1899
907
254
5023
1302
1480
14711
2471
2350
951
1008
796
1542
1141
122
4870
769
8537
839
5050
189
1509
172
104
6784
138
10469
996
2330
5357
1942
3693
2303
390
5136
2032
3967
1094
550
4089
1133
2891
7708
6151
2873
2453
1268
7031
927
2576
478
1452
1926
3679
356
2030
2031
8709
1546
767
8306
5742
1303
2541
5834
231
1594
2589
4082
13406
190
168
1478
4743
4863
1650
5548
4402
4383
2464
1603
2013
4257
7610
8936
8226
9513
1875
6147
108
3419
4798
531
4092
7798
382
683
9386
5767
2089
5139
2761
859
1616
757
6465
781
1532
8058
2804
2932
6113
3697
3259
1299
270
8984
2783
99
810
966
2307
2810
5125
5637
2257
230
4993
4286
1112
1868
1567
2919
3551
32
2155
4735
902
1426
3044
2036
4019
2281
2824
1082
245
159
3382
4148
2054
1379
1760
3324
3647
2209
4909
2232
1816
711
6073
2857
649
285
2862
4051
5152
4978
4134
4166
1769
2836
20
7042
3993
45
300
2316
2272
37
1447
7620
59
7686
5903
1148
3559
945
5414
611
3437
5599
5180
943
7024
862
1058
688
355
1574
6551
3929
2006
6613
853
1089
1678
438
901
5540
2446
1034
6088
5304
2631
2364
6419
3869
1501
1103
3643
1532
1679
4490
1978
1479
2863
2127
5530
5544
5266
715
5782
866
463
1777
1671
554
1836
3249
5382
2656
2693
7510
7756
2756
3377
2508
8560
2181
2295
3554
1220
1345
3145
3958
2887
300
740
2594
366
5843
6531
1184
6074
844
1050
204
481
5444
2623
5713
4952
1802
3166
2508
7040
7167
4560
5171
1950
1080
5069
4788
371
587
6673
2892
606
1894
346
2145
2446
726
1343
2199
133
594
401
5093
2107
1362
2789
2221
1841
9402
617
626
1605
4296
387
1896
3814
942
4182
5666
205
3674
591
5733
4991
2989
2113
1283
5142
3478
2973
159
2038
3064
32
2305
1213
7676
265
1589
4058
1105
1322
228
3238
717
3194
8402
770
1614
9529
2966
1439
73
578
7298
2857
8443
2571
106
160
619
2471
1835
1629
5455
1024
352
1111
4778
7375
5676
1004
4647
1341
2
770
2
8960
1675
359
260
293
1595
236
3485
6731
1525
1748
4902
2346
7795
9326
3036
5917
2192
94
4363
6811
1073
1832
4683
1414
1026
2862
8814
27
56
2058
1081
5085
731
4515
2089
2346
1948
803
5344
2519
302
985
1757
3368
2223
5758
2439
6307
4433
2403
5179
2309
4944
120
802
6926
941
923
7938
411
270
1912
3213
7583
5768
7439
320
640
2039
2925
277
19
2449
887
4823
1942
2639
427
3299
3159
7568
1157
3277
2951
881
5664
866
56
1354
1041
1290
1974
1659
2552
6797
3499
1692
1918
4316
5431
5061
2356
455
446
5200
734
2877
3897
1325
2405
8740
1993
39
7255
3508
1408
439
22
2503
1987
559
52
2729
1504
2293
841
3543
4497
2132
6675
2370
3088
398
2389
3882
9317
1551
1983
5393
6683
5883
3172
4690
769
2243
3158
2395
546
1981
7499
2712
860
1958
8373
2170
5111
5646
527
1832
1732
1709
1623
5159
2472
5402
2375
2176
1258
58
2420
2532
5154
839
4495
180
6542
3071
25
385
2747
666
1864
2845
1114
2386
5570
6372
1686
160
3683
7131
2610
1983
5767
368
543
930
48
2762
3300
86
6396
2142
4264
3668
1889
1155
6180
2796
838
3549
398
2982
93
1182
582
4393
1289
4126
4524
7376
7770
2074
1161
1513
4668
1638
4162
4956
1530
4660
4632
2895
5386
1200
3059
613
5999
436
7787
2035
1037
31
8483
1274
978
162
2639
5088
6468
2896
8051
2092
2675
7990
448
4940
46
8531
951
1427
1079
7417
1049
1305
2502
1522
2371
620
5275
566
1724
352
6980
4107
1648
9300
127
1923
5170
7775
5234
3702
1238
113
1794
1491
6777
4520
2943
1874
7870
1324
4992
726
410
1326
1889
1023
6597
1109
6625
428
4825
993
1070
3076
2061
240
3208
935
1296
5965
2589
6899
10
507
3359
3611
157
5450
2455
754
3990
8691
4124
3235
372
4012
6166
3411
2286
5362
8344
1955
8858
571
3294
1828
7981
320
9556
7213
5477
737
5666
1392
2042
2532
4076
1890
2724
4376
4719
2554
7724
80
4374
3136
114
1915
3623
8178
5334
3299
2720
4224
6309
2183
2685
3028
4474
49
6709
3627
1173
2498
2922
11624
1455
7176
1435
2561
3032
629
482
880
1510
920
1780
1080
998
1521
5001
3228
3620
38
3442
1782
4188
13045
2199
3869
3049
2353
2249
890
4254
7308
2550
4165
2648
446
2448
1771
7610
1115
4652
3982
9271
1258
143
3244
3719
1371
2343
8283
1473
1902
5334
2900
5383
1721
7816
6353
693
4761
3720
8400
2681
1379
3442
750
3542
7839
3025
1356
471
3322
8560
282
7701
3758
2551
133
3501
2072
367
1212
2386
3177
1254
6714
1144
1942
5257
3415
1180
1840
2928
8493
1709
417
363
7818
1521
3958
557
860
524
2849
1015
78
1031
10072
1033
2721
3891
2231
3637
71
342
1941
1946
2133
4334
643
6706
7643
2938
1358
1319
3168
1256
1060
5742
5145
4626
2873
5749
4913
3241
3272
5459
1073
6747
10093
902
7125
3313
5032
2708
1011
3327
9690
845
7664
8408
1343
526
5984
2411
204
5371
4432
3291
463
1421
883
6095
1784
1020
244
1746
2376
5298
319
591
2097
0
2573
7665
225
2325
359
2582
2990
2523
7896
5596
470
7108
1953
5953
768
4221
369
1732
5678
1218
3296
6550
2761
4424
1838
3889
521
742
1747
5136
2759
2276
4132
1759
3229
1278
781
3195
6078
2556
5462
4931
2734
766
388
4380
948
113
1568
2710
9003
2166
299
4943
1266
3907
166
5319
24
970
4421
3783
4718
5910
5942
4778
148
516
5116
1420
3070
585
1753
3028
6485
6071
770
4623
1375
3818
3577
7455
82
5109
1528
257
3271
1059
2259
2067
896
2621
4418
8748
1824
532
1706
5050
1538
9761
3735
4290
303
7253
307
13
4519
1548
1684
93
3498
2443
6182
7104
8319
1580
11305
9
1157
7662
1107
323
4718
2246
343
4333
4753
1721
1734
328
2636
5417
2229
6847
75
199
2105
6185
2673
416
193
2330
1340
3208
3074
3800
6475
2070
4244
364
817
300
846
2039
673
6374
3760
6706
1150
4433
6247
2522
5367
1485
2158
6716
1138
4951
415
7835
2263
8386
2464
4321
2188
2711
3696
2153
3757
2652
1652
596
472
4628
5745
4476
3980
2431
6324
383
4334
1276
5768
8833
4685
9348
2381
7609
597
3265
1850
3892
1142
2731
5183
3383
2048
4129
4337
1211
1358
5961
7397
971
5273
3900
2631
587
1484
7315
2277
680
1142
185
541
5601
7211
5557
2745
6543
2224
3746
5494
4459
273
3980
2748
682
647
2020
2620
87
4150
9272
644
1559
2069
478
1890
2523
92
3822
4220
952
1067
6548
2113
300
3865
4177
4404
3627
6670
1677
3389
1458
4004
909
4730
2737
6779
21
1164
8632
1756
771
1360
2740
2382
5110
1989
6021
2962
272
841
5357
2402
384
682
10008
4104
542
2167
2660
9601
3654
3436
240
6813
1649
4601
4455
475
742
2168
2812
249
206
547
1767
4771
6991
2764
682
2239
1900
817
1469
4079
2375
356
1301
3204
262
554
1236
550
806
6471
5784
242
1464
1844
5084
2093
9382
4696
116
2294
4323
1214
6224
5477
385
6978
3621
4077
8842
4313
1808
1831
6314
352
20
72
6606
6467
5653
9271
6313
6395
644
6711
1459
2494
1896
2506
1329
1466
4151
4261
3551
2322
1339
3039
5557
9913
198
2148
2115
423
720
739
4263
5127
3277
1700
333
164
3956
2571
297
1912
8551
2289
3170
5988
2224
3988
1555
164
2207
183
736
384
629
6121
52
6184
1678
2541
6031
3150
1107
1161
1516
9312
1692
2501
8530
8444
1751
1647
393
4200
3731
2318
1202
6598
8601
5621
6096
816
6008
3272
1084
3246
568
6249
1862
1927
465
9069
472
1593
4628
8143
5436
895
7171
9221
3710
9203
1723
2368
8800
228
559
8477
439
357
291
3746
1967
1382
351
1884
495
7752
5373
3033
2568
2324
2124
101
2754
1885
5174
2375
3114
2970
1259
4098
6057
2207
511
2162
317
4480
3074
4462
2287
810
558
2500
479
3298
4686
44
915
3529
8861
6219
162
71
4771
1070
553
1854
5067
548
8956
331
3259
804
1714
21
7644
5587
4041
6145
1989
714
1035
1799
7209
6215
777
3890
67
1786
8671
1126
1295
3273
5373
5391
7503
7638
5537
2105
7848
136
388
3364
1681
3097
3858
9413
1418
7048
1301
7207
2544
2792
4550
2619
4089
4637
503
957
813
5803
3882
3182
460
3687
3569
1343
6513
1540
4915
2387
3508
6512
8160
8068
1013
9826
9227
5671
191
1
2791
4185
42
4349
1398
1076
1200
465
755
282
8826
251
1045
1016
2284
7560
1427
3203
7084
1923
199
4659
475
1141
1691
5660
758
4235
668
6893
1803
4515
4648
5687
4853
9745
4742
6997
1501
2791
3851
7110
7132
4055
1816
2077
6276
1885
5285
781
1746
3891
2420
2539
463
4213
6268
1004
3174
5704
99
1719
3516
3488
1792
2743
5533
7078
5307
235
1338
3602
1154
1975
6545
6598
5278
1062
306
1484
8277
2438
1722
6948
8591
2209
615
1739
1650
5373
641
4167
3366
4734
6817
6355
6867
526
6062
3159
1108
875
2464
1220
1110
3089
4603
466
922
533
2745
3425
14
435
2585
2015
1356
93
1015
4808
5902
5323
5258
8977
2301
919
1600
2427
4863
2049
2894
3128
1160
5639
1625
6851
4928
2612
3559
1468
4526
2713
307
4941
311
5230
1596
9601
5731
1477
2472
4460
2442
544
3177
397
16
3170
2035
6524
7929
8718
1118
4268
5925
1085
2579
175
8568
3809
7212
3629
758
1702
1207
1746
2202
979
2062
8989
525
2834
2710
51
1320
4650
5560
676
2646
1936
2028
259
1003
429
173
2442
1581
960
3796
5222
1152
760
1122
2127
474
1831
